[app/ui]
version = 5.0
modtime = 1361560483.446530000

[app/launcher]
version = 5.0
modtime = 1361560483.448615000

[viewstates/%2A%3Agevjaho3]
owner = nobody
version = 5.0
modtime = 1361565949.091365000

[savedsearches/Summary%20-%20Traffic]
version = 5.0
modtime = 1361565949.139443000
